           1           0           5           5
           2           2           2           4
           3           2          66          68
           4           2          63          65
           5           4         123         127
           6           4         184         188
           7           4         240         244
           8           4         299         303
           9           4         359         363
          10           4         410         414
          11           4         468         472
          12           3         514         517
          13           3         534         537
          14           3         585         588
          15           3         600         603
          16           3         647         650
          17           2         658         660
          18           1         673         674
          19          31         609         640
          20          30        1552        1582
          21          67         699         766
          22          79        1715        1794
          23          97        2067        2164
          24         112        2090        2202
          25         126        2335        2461
          26         144        2345        2489
          27         159        2319        2478
          28         169        1564        1733
          29         164        1555        1719
          30         176        2316        2492
          31         167        2347        2514
          32         167        2353        2520
          33         146        2316        2462
          34         129        2298        2427
          35         117        1540        1657
          36         102        1622        1724
          37          84        1645        1729
          38          60        1634        1694
          39         270        1619        1889
          40         257        1635        1892
          41         414        1604        2018
          42         401        1601        2002
          43         424        1573        1997
          44         413        1553        1966
          45         422        1520        1942
          46         838        1028        1866
          47         866        1645        2511
          48         875        1606        2481
          49         853        1604        2457
          50         839        1596        2435
          51         818        1557        2375
          52         823        1524        2347
          53         788        2325        3113
          54         721        2343        3064
          55         836        2178        3014
          56         768        1547        2315
          57         788        2383        3171
          58         746        2291        3037
          59         683        2379        3062
          60         622        2338        2960
          61         563        2381        2944
          62         543        2316        2859
          63         862        1587        2449
          64         829        1580        2409
          65         811        2187        2998
          66         776        2183        2959
          67         740        2268        3008
          68         717        2271        2988
          69         691        2231        2922
          70         679        2192        2871
          71         646        2220        2866
          72         749        2191        2940
          73         767        2101        2868
          74         717        2149        2866
          75         718        2070        2788
          76         680        2108        2788
          77         625        1320        1945
          78         578        2093        2671
          79         570        2067        2637
          80         541        2064        2605
          81         828        1675        2503
          82         808        2421        3229
          83         826        2278        3104
          84         832         785        1617
          85         758        2397        3155
          86         749        2351        3100
          87         706        2352        3058
          88         760        2386        3146
          89         784        2311        3095
          90         760        2384        3144
          91         708        2319        3027
          92         645        2369        3014
          93         597        2366        2963
          94         533        2334        2867
          95         481        2297        2778
          96         426        2307        2733
          97         406        2255        2661
          98         389        2269        2658
          99         358        2194        2552
         100         357        2154        2511
         101        1165        1162        2327
         102        1175        1136        2311
         103        1187        1111        2298
         104        1247        2388        3635
         105        1242         790        2032
         106        1245        1910        3155
         107        1218        2354        3572
         108        1193        2381        3574
         109        1198        2289        3487
         110        1202        2377        3579
         111        1073        2392        3465
         112         935        1567        2502
         113         807        2103        2910
         114         665        2388        3053
         115         521        2334        2855
         116         406        2365        2771
         117         394        2345        2739
         118         386        2368        2754
         119         371        1593        1964
         120         389        1578        1967
         121         403        1552        1955
         122         720        1173        1893
         123         819        1626        2445
         124         844        1618        2462
         125         831        1575        2406
         126         872         790        1662
         127         861        1593        2454
         128         857        1572        2429
         129         840        1592        2432
         130         835        1613        2448
         131         816        1582        2398
         132         749        1560        2309
         133         674         812        1486
         134         597        1201        1798
         135         522        1450        1972
         136         482        1435        1917
         137         413        1569        1982
         138         396        1544        1940
         139         400        1584        1984
         140         400         790        1190
         141         378         837        1215
         142         382         816        1198
         143         390         821        1211
         144         405         813        1218
         145         412         803        1215
         146         411         840        1251
         147         386         826        1212
         148         372         832        1204
         149         375         830        1205
         150         357         822        1179
         151         360         816        1176
         152         360         842        1202
         153         363         809        1172
         154         373         792        1165
         155         390         783        1173
         156         380         796        1176
         157         389         803        1192
         158         374         787        1161
         159         370         791        1161
         160         376         788        1164
         161         380         800        1180
         162         410         809        1219
         163         389         789        1178
         164         407         794        1201
         165         402         784        1186
         166         393         806        1199
         167         390         809        1199
         168         401         778        1179
         169         384         808        1192
         170         389         797        1186
         171         395         788        1183
         172         386         794        1180
         173         390         790        1180
         174         371         780        1151
         175         364         781        1145
         176         363         776        1139
         177         359         782        1141
         178         376         783        1159
         179         355         804        1159
         180         358         797        1155
         181         346         794        1140
         182         331         805        1136
         183         339         802        1141
         184         348         800        1148
         185         346         809        1155
         186         352         784        1136
         187         364         789        1153
         188         351         797        1148
         189         352         804        1156
         190         339         795        1134
         191         344         804        1148
         192         353         800        1153
         193         356         797        1153
         194         388         813        1201
         195         382         785        1167
         196         390         785        1175
         197         391         799        1190
         198         395         794        1189
         199         404         793        1197
         200         416         785        1201
         201         419         778        1197
         202         403         805        1208
         203         408         805        1213
         204         415         800        1215
         205         403         806        1209
         206         388         792        1180
         207         394         783        1177
         208         385         775        1160
         209         381         782        1163
         210         399         798        1197
         211         375         793        1168
         212         378         783        1161
         213         363         782        1145
         214         349         799        1148
         215         344         805        1149
         216         354         799        1153
         217         370         804        1174
         218         369         799        1168
         219         373         799        1172
         220         364         799        1163
         221         368         808        1176
         222         358         792        1150
         223         359         792        1151
         224         354         795        1149
         225         352         796        1148
         226         378         809        1187
         227         373         805        1178
         228         368         788        1156
         229         369         784        1153
         230         387         779        1166
         231         385         779        1164
         232         401         809        1210
         233         401         775        1176
         234         399         780        1179
         235         401         779        1180
         236         398         774        1172
         237         404         793        1197
         238         382         790        1172
         239         374         800        1174
         240         368         805        1173
         241         368         807        1175
         242         381         792        1173
         243         359         787        1146
         244         351         783        1134
         245         353         783        1136
         246         351         782        1133
         247         360         779        1139
         248         371         790        1161
         249         349         781        1130
         250         362         802        1164
         251         370         806        1176
         252         368         801        1169
         253         404         805        1209
         254         391         797        1188
         255         399         791        1190
         256         397         780        1177
         257         390         786        1176
         258         395         795        1190
         259         385         789        1174
         260         367         785        1152
         261         363         785        1148
         262         351         784        1135
         263         342         781        1123
         264         369         789        1158
         265         358         773        1131
         266         370         786        1156
         267         367         790        1157
         268         372         789        1161
         269         392         799        1191
         270         371         785        1156
         271         379         792        1171
         272         391         798        1189
         273         390         794        1184
         274         391         801        1192
         275         381         783        1164
         276         369         806        1175
         277         366         811        1177
         278         353         786        1139
         279         348         797        1145
         280         365         781        1146
         281         360         798        1158
         282         367         782        1149
         283         375         777        1152
         284         381         793        1174
         285         406         804        1210
         286         397         801        1198
         287         403         800        1203
         288         404         803        1207
         289         412         799        1211
         290         408         795        1203
         291         391         781        1172
         292         390         780        1170
         293         390         774        1164
         294         369         793        1162
         295         350         804        1154
         296         357         801        1158
         297         361         799        1160
         298         355         806        1161
         299         345         786        1131
         300         354         806        1160
         301         376         784        1160
         302         371         801        1172
         303         380         789        1169
         304         390         794        1184
         305         404         792        1196
         306         405         805        1210
         307         393         786        1179
         308         402         794        1196
         309         411         798        1209
         310         410         796        1206
         311         392         806        1198
         312         384         805        1189
         313         385         792        1177
         314         385         785        1170
         315         365         810        1175
         316         373         793        1166
         317         379         792        1171
         318         388         785        1173
         319         383         782        1165
         320         383         785        1168
         321         398         786        1184
         322         394         792        1186
         323         384         780        1164
         324         395         792        1187
         325         401         800        1201
         326         388         784        1172
         327         387         783        1170
         328         396         784        1180
         329         390         776        1166
         330         390         785        1175
         331         403         778        1181
         332         401         780        1181
         333         401         782        1183
         334         397         785        1182
         335         405         784        1189
         336         407         785        1192
         337         413         778        1191
         338         418         772        1190
         339         400         795        1195
         340         393         785        1178
         341         398         783        1181
         342         377         802        1179
         343         381         804        1185
         344         378         821        1199
         345         371         788        1159
         346         374         788        1162
         347         375         794        1169
         348         382         794        1176
         349         371         797        1168
         350         374         793        1167
         351         376         797        1173
         352         383         802        1185
         353         392         806        1198
         354         390         809        1199
         355         394         814        1208
         356         382         793        1175
         357         378         797        1175
         358         382         784        1166
         359         384         785        1169
         360         394         781        1175
         361         380         798        1178
         362         370         807        1177
         363         374         807        1181
         364         388         805        1193
         365         387         808        1195
         366         392         801        1193
         367         394         797        1191
         368         396         798        1194
         369         392         806        1198
         370         400         803        1203
         371         402         783        1185
         372         393         814        1207
         373         390         780        1170
         374         393         779        1172
         375         403         782        1185
         376         397         788        1185
         377         395         779        1174
         378         382         782        1164
         379         383         786        1169
         380         390         781        1171
         381         391         781        1172
         382         396         785        1181
         383         405         783        1188
         384         422         785        1207
         385         421         789        1210
         386         421         788        1209
         387         402         814        1216
         388         400         786        1186
         389         384         808        1192
         390         382         812        1194
         391         394         807        1201
         392         382         811        1193
         393         383         786        1169
         394         378         789        1167
         395         380         788        1168
         396         379         779        1158
         397         386         808        1194
         398         390         780        1170
         399         397         775        1172
         400         398         807        1205
